chr	start	stop	ATpct	GCpct
Chr1A_a	0	2000000	0.539935	0.459866
Chr1A_a	2000000	4000000	0.545912	0.454038
Chr1A_a	4000000	6000000	0.555846	0.444154
Chr1A_a	6000000	8000000	0.542499	0.457402
Chr1A_a	8000000	10000000	0.545801	0.454149
Chr1A_a	10000000	12000000	0.532573	0.467427
Chr1A_a	12000000	14000000	0.533888	0.466062
Chr1A_a	14000000	16000000	0.547507	0.452444
Chr1A_a	16000000	18000000	0.539967	0.460032
Chr1A_a	18000000	20000000	0.535961	0.464039
Chr1A_a	20000000	22000000	0.539926	0.460074
Chr1A_a	22000000	24000000	0.536938	0.463062
Chr1A_a	24000000	26000000	0.544379	0.455621
Chr1A_a	26000000	28000000	0.540780	0.459220
Chr1A_a	28000000	30000000	0.538610	0.461390
Chr1A_a	30000000	32000000	0.540608	0.459392
Chr1A_a	32000000	34000000	0.533001	0.467000
Chr1A_a	34000000	36000000	0.533628	0.466323
Chr1A_a	36000000	38000000	0.524628	0.475372
Chr1A_a	38000000	40000000	0.548428	0.451572
Chr1A_a	40000000	42000000	0.537739	0.462261
Chr1A_a	42000000	44000000	0.537272	0.462728
Chr1A_a	44000000	46000000	0.529750	0.470250
Chr1A_a	46000000	48000000	0.545878	0.454123
Chr1A_a	48000000	50000000	0.550975	0.449025
Chr1A_a	50000000	52000000	0.539465	0.460535
Chr1A_a	52000000	54000000	0.544644	0.455355
Chr1A_a	54000000	56000000	0.542042	0.457958
Chr1A_a	56000000	58000000	0.532763	0.467236
Chr1A_a	58000000	60000000	0.557731	0.442269
Chr1A_a	60000000	62000000	0.538274	0.461726
Chr1A_a	62000000	64000000	0.544532	0.455467
Chr1A_a	64000000	66000000	0.544060	0.455940
Chr1A_a	66000000	68000000	0.554451	0.445549
Chr1A_a	68000000	70000000	0.547067	0.452933
Chr1A_a	70000000	72000000	0.552555	0.447445
Chr1A_a	72000000	74000000	0.557627	0.442373
Chr1A_a	74000000	76000000	0.545680	0.454320
Chr1A_a	76000000	78000000	0.555826	0.444174
Chr1A_a	78000000	80000000	0.550130	0.449870
Chr1A_a	80000000	82000000	0.587020	0.412980
Chr1A_a	82000000	84000000	0.571284	0.428716
Chr1A_a	84000000	86000000	0.531224	0.468776
Chr1A_a	86000000	88000000	0.555951	0.444049
Chr1A_a	88000000	90000000	0.555932	0.444068
Chr1A_a	90000000	92000000	0.559560	0.440441
Chr1A_a	92000000	94000000	0.541538	0.458461
Chr1A_a	94000000	96000000	0.548362	0.451638
Chr1A_a	96000000	98000000	0.533298	0.466702
Chr1A_a	98000000	100000000	0.531847	0.468154
Chr1A_a	100000000	102000000	0.548436	0.451564
Chr1A_a	102000000	104000000	0.539541	0.460460
Chr1A_a	104000000	106000000	0.557149	0.442852
Chr1A_a	106000000	108000000	0.564748	0.435252
Chr1A_a	108000000	110000000	0.563248	0.436752
Chr1A_a	110000000	112000000	0.553895	0.446106
Chr1A_a	112000000	114000000	0.553678	0.446322
Chr1A_a	114000000	116000000	0.548129	0.451871
Chr1A_a	116000000	118000000	0.547353	0.452647
Chr1A_a	118000000	120000000	0.549466	0.450534
Chr1A_a	120000000	122000000	0.543786	0.456214
Chr1A_a	122000000	124000000	0.557567	0.442434
Chr1A_a	124000000	126000000	0.542533	0.457467
Chr1A_a	126000000	128000000	0.532800	0.467200
Chr1A_a	128000000	130000000	0.551006	0.448994
Chr1A_a	130000000	132000000	0.558078	0.441922
Chr1A_a	132000000	134000000	0.563870	0.436130
Chr1A_a	134000000	136000000	0.518095	0.481905
Chr1A_a	136000000	138000000	0.510342	0.489657
Chr1A_a	138000000	140000000	0.541607	0.458393
Chr1A_a	140000000	142000000	0.556695	0.443305
Chr1A_a	142000000	144000000	0.544997	0.455003
Chr1A_a	144000000	146000000	0.549945	0.450055
Chr1A_a	146000000	148000000	0.545168	0.454832
Chr1A_a	148000000	150000000	0.539530	0.460470
Chr1A_a	150000000	152000000	0.548675	0.451326
Chr1A_a	152000000	154000000	0.555986	0.444014
Chr1A_a	154000000	156000000	0.543396	0.456603
Chr1A_a	156000000	158000000	0.553588	0.446412
Chr1A_a	158000000	160000000	0.546031	0.453969
Chr1A_a	160000000	162000000	0.526627	0.473373
Chr1A_a	162000000	164000000	0.541696	0.458304
Chr1A_a	164000000	166000000	0.543194	0.456807
Chr1A_a	166000000	168000000	0.554236	0.445765
Chr1A_a	168000000	170000000	0.559164	0.440836
Chr1A_a	170000000	172000000	0.560330	0.439670
Chr1A_a	172000000	174000000	0.546170	0.453831
Chr1A_a	174000000	176000000	0.562239	0.437761
Chr1A_a	176000000	178000000	0.542916	0.457084
Chr1A_a	178000000	180000000	0.542852	0.457148
Chr1A_a	180000000	182000000	0.544331	0.455669
Chr1A_a	182000000	184000000	0.544784	0.455216
Chr1A_a	184000000	186000000	0.547827	0.452172
Chr1A_a	186000000	188000000	0.598881	0.401118
Chr1A_a	188000000	190000000	0.538396	0.461604
Chr1A_a	190000000	192000000	0.545839	0.454161
Chr1A_a	192000000	194000000	0.548536	0.451463
Chr1A_a	194000000	196000000	0.551844	0.448157
Chr1A_a	196000000	198000000	0.551832	0.448168
Chr1A_a	198000000	200000000	0.550732	0.449268
Chr1A_a	200000000	202000000	0.544554	0.455445
Chr1A_a	202000000	204000000	0.555381	0.444620
Chr1A_a	204000000	206000000	0.544397	0.455602
Chr1A_a	206000000	208000000	0.546936	0.453064
Chr1A_a	208000000	210000000	0.542761	0.457239
Chr1A_a	210000000	212000000	0.542961	0.457039
Chr1A_a	212000000	214000000	0.559997	0.440003
Chr1A_a	214000000	216000000	0.546196	0.453804
Chr1A_a	216000000	218000000	0.528610	0.471390
Chr1A_a	218000000	220000000	0.516706	0.483294
Chr1A_a	220000000	222000000	0.520745	0.479255
Chr1A_a	222000000	224000000	0.544195	0.455804
Chr1A_a	224000000	226000000	0.548069	0.451931
Chr1A_a	226000000	228000000	0.537264	0.462736
Chr1A_a	228000000	230000000	0.546290	0.453710
Chr1A_a	230000000	232000000	0.562276	0.437723
Chr1A_a	232000000	234000000	0.549088	0.450912
Chr1A_a	234000000	236000000	0.543297	0.456704
Chr1A_a	236000000	238000000	0.541035	0.458966
Chr1A_a	238000000	240000000	0.538885	0.461115
Chr1A_a	240000000	242000000	0.540933	0.459067
Chr1A_a	242000000	244000000	0.546203	0.453797
Chr1A_a	244000000	246000000	0.545132	0.454868
Chr1A_a	246000000	248000000	0.543410	0.456591
Chr1A_a	248000000	250000000	0.546952	0.453048
Chr1A_a	250000000	252000000	0.532514	0.467486
Chr1A_a	252000000	254000000	0.533332	0.466668
Chr1A_a	254000000	256000000	0.543465	0.456535
Chr1A_a	256000000	258000000	0.533279	0.466721
Chr1A_a	258000000	260000000	0.538652	0.461347
Chr1A_a	260000000	262000000	0.545379	0.454621
Chr1A_a	262000000	264000000	0.540995	0.459005
Chr1A_a	264000000	266000000	0.530262	0.469738
Chr1A_a	266000000	268000000	0.529473	0.470526
Chr1A_a	268000000	270000000	0.540322	0.459679
Chr1A_a	270000000	272000000	0.535707	0.464293
Chr1A_a	272000000	274000000	0.546516	0.453483
Chr1A_a	274000000	276000000	0.541221	0.458779
Chr1A_a	276000000	278000000	0.539630	0.460371
Chr1A_a	278000000	280000000	0.540614	0.459386
Chr1A_a	280000000	282000000	0.540770	0.459231
Chr1A_a	282000000	284000000	0.533787	0.466213
Chr1A_a	284000000	286000000	0.545555	0.454444
Chr1A_a	286000000	288000000	0.529999	0.470001
Chr1A_a	288000000	290000000	0.543172	0.456828
Chr1A_a	290000000	292000000	0.543401	0.456600
Chr1A_a	292000000	294000000	0.542803	0.457197
Chr1A_a	294000000	296000000	0.540267	0.459733
Chr1A_a	296000000	298000000	0.544132	0.455867
Chr1A_a	298000000	300000000	0.540380	0.459619
Chr1A_a	300000000	302000000	0.545974	0.454026
Chr1A_a	302000000	304000000	0.538639	0.461361
Chr1A_a	304000000	306000000	0.534760	0.465241
Chr1A_a	306000000	308000000	0.529665	0.470336
Chr1A_a	308000000	310000000	0.548328	0.451672
Chr1A_a	310000000	312000000	0.545712	0.454287
Chr1A_a	312000000	314000000	0.540632	0.459368
Chr1A_a	314000000	316000000	0.543198	0.456802
Chr1A_a	316000000	318000000	0.544283	0.455717
Chr1A_a	318000000	320000000	0.542747	0.457253
Chr1A_a	320000000	320692588	0.536784	0.463072
Chr2A_a	0	2000000	0.538373	0.461527
Chr2A_a	2000000	4000000	0.546623	0.453327
Chr2A_a	4000000	6000000	0.545627	0.454273
Chr2A_a	6000000	8000000	0.537099	0.462900
Chr2A_a	8000000	10000000	0.542234	0.457716
Chr2A_a	10000000	12000000	0.542193	0.457808
Chr2A_a	12000000	14000000	0.549855	0.450144
Chr2A_a	14000000	16000000	0.544624	0.455376
Chr2A_a	16000000	18000000	0.540429	0.459570
Chr2A_a	18000000	20000000	0.537863	0.462137
Chr2A_a	20000000	22000000	0.538848	0.461152
Chr2A_a	22000000	24000000	0.535353	0.464646
Chr2A_a	24000000	26000000	0.534693	0.465308
Chr2A_a	26000000	28000000	0.548167	0.451833
Chr2A_a	28000000	30000000	0.541951	0.458049
Chr2A_a	30000000	32000000	0.538283	0.461717
Chr2A_a	32000000	34000000	0.540788	0.459212
Chr2A_a	34000000	36000000	0.537660	0.462339
Chr2A_a	36000000	38000000	0.529501	0.470499
Chr2A_a	38000000	40000000	0.542718	0.457283
Chr2A_a	40000000	42000000	0.541541	0.458459
Chr2A_a	42000000	44000000	0.544636	0.455364
Chr2A_a	44000000	46000000	0.541129	0.458871
Chr2A_a	46000000	48000000	0.532879	0.467121
Chr2A_a	48000000	50000000	0.539331	0.460669
Chr2A_a	50000000	52000000	0.541425	0.458575
Chr2A_a	52000000	54000000	0.538304	0.461696
Chr2A_a	54000000	56000000	0.537998	0.462002
Chr2A_a	56000000	58000000	0.532242	0.467758
Chr2A_a	58000000	60000000	0.532664	0.467337
Chr2A_a	60000000	62000000	0.545782	0.454218
Chr2A_a	62000000	64000000	0.547898	0.452102
Chr2A_a	64000000	66000000	0.544019	0.455981
Chr2A_a	66000000	68000000	0.541398	0.458602
Chr2A_a	68000000	70000000	0.539341	0.460659
Chr2A_a	70000000	72000000	0.535760	0.464240
Chr2A_a	72000000	74000000	0.541038	0.458962
Chr2A_a	74000000	76000000	0.543743	0.456257
Chr2A_a	76000000	78000000	0.544087	0.455914
Chr2A_a	78000000	80000000	0.545186	0.454814
Chr2A_a	80000000	82000000	0.545968	0.454033
Chr2A_a	82000000	84000000	0.563908	0.436092
Chr2A_a	84000000	86000000	0.550481	0.449519
Chr2A_a	86000000	88000000	0.531687	0.468313
Chr2A_a	88000000	90000000	0.546427	0.453573
Chr2A_a	90000000	92000000	0.546734	0.453266
Chr2A_a	92000000	94000000	0.513960	0.486039
Chr2A_a	94000000	96000000	0.518669	0.481331
Chr2A_a	96000000	98000000	0.537826	0.462174
Chr2A_a	98000000	100000000	0.549743	0.450257
Chr2A_a	100000000	102000000	0.543137	0.456863
Chr2A_a	102000000	104000000	0.534518	0.465481
Chr2A_a	104000000	106000000	0.559569	0.440430
Chr2A_a	106000000	108000000	0.550855	0.449145
Chr2A_a	108000000	110000000	0.550834	0.449165
Chr2A_a	110000000	112000000	0.551458	0.448541
Chr2A_a	112000000	114000000	0.563416	0.436583
Chr2A_a	114000000	116000000	0.550866	0.449134
Chr2A_a	116000000	118000000	0.551177	0.448823
Chr2A_a	118000000	120000000	0.546118	0.453882
Chr2A_a	120000000	122000000	0.550427	0.449573
Chr2A_a	122000000	124000000	0.550008	0.449991
Chr2A_a	124000000	126000000	0.545476	0.454524
Chr2A_a	126000000	128000000	0.544381	0.455619
Chr2A_a	128000000	130000000	0.547351	0.452648
Chr2A_a	130000000	132000000	0.555148	0.444853
Chr2A_a	132000000	134000000	0.551229	0.448771
Chr2A_a	134000000	136000000	0.554387	0.445613
Chr2A_a	136000000	138000000	0.560033	0.439967
Chr2A_a	138000000	140000000	0.555788	0.444212
Chr2A_a	140000000	142000000	0.539796	0.460203
Chr2A_a	142000000	144000000	0.561207	0.438792
Chr2A_a	144000000	146000000	0.547301	0.452700
Chr2A_a	146000000	148000000	0.548522	0.451479
Chr2A_a	148000000	150000000	0.547419	0.452581
Chr2A_a	150000000	152000000	0.540705	0.459295
Chr2A_a	152000000	154000000	0.538614	0.461386
Chr2A_a	154000000	156000000	0.550537	0.449463
Chr2A_a	156000000	158000000	0.548932	0.451068
Chr2A_a	158000000	160000000	0.548431	0.451569
Chr2A_a	160000000	162000000	0.556487	0.443513
Chr2A_a	162000000	164000000	0.542655	0.457345
Chr2A_a	164000000	166000000	0.551596	0.448404
Chr2A_a	166000000	168000000	0.545575	0.454375
Chr2A_a	168000000	170000000	0.557051	0.442948
Chr2A_a	170000000	172000000	0.558438	0.441563
Chr2A_a	172000000	174000000	0.542990	0.457010
Chr2A_a	174000000	176000000	0.544816	0.455184
Chr2A_a	176000000	178000000	0.540547	0.459453
Chr2A_a	178000000	180000000	0.535037	0.464963
Chr2A_a	180000000	182000000	0.540721	0.459278
Chr2A_a	182000000	184000000	0.530325	0.469676
Chr2A_a	184000000	186000000	0.530151	0.469849
Chr2A_a	186000000	188000000	0.554469	0.445531
Chr2A_a	188000000	190000000	0.554698	0.445302
Chr2A_a	190000000	192000000	0.547658	0.452342
Chr2A_a	192000000	194000000	0.541761	0.458239
Chr2A_a	194000000	196000000	0.539164	0.460836
Chr2A_a	196000000	198000000	0.534396	0.465604
Chr2A_a	198000000	200000000	0.539573	0.460427
Chr2A_a	200000000	202000000	0.538388	0.461612
Chr2A_a	202000000	204000000	0.542213	0.457787
Chr2A_a	204000000	206000000	0.540682	0.459318
Chr2A_a	206000000	208000000	0.548254	0.451746
Chr2A_a	208000000	210000000	0.547930	0.452070
Chr2A_a	210000000	212000000	0.540929	0.459071
Chr2A_a	212000000	214000000	0.540059	0.459941
Chr2A_a	214000000	216000000	0.547499	0.452501
Chr2A_a	216000000	218000000	0.543965	0.456035
Chr2A_a	218000000	220000000	0.545575	0.454425
Chr2A_a	220000000	222000000	0.540317	0.459683
Chr2A_a	222000000	224000000	0.532983	0.467016
Chr2A_a	224000000	226000000	0.545666	0.454334
Chr2A_a	226000000	228000000	0.536870	0.463129
Chr2A_a	228000000	230000000	0.537533	0.462467
Chr2A_a	230000000	232000000	0.576033	0.423967
Chr2A_a	232000000	234000000	0.548559	0.451441
Chr2A_a	234000000	236000000	0.539192	0.460808
Chr2A_a	236000000	238000000	0.540748	0.459252
Chr2A_a	238000000	240000000	0.542753	0.457247
Chr2A_a	240000000	242000000	0.530736	0.469264
Chr2A_a	242000000	244000000	0.541113	0.458887
Chr2A_a	244000000	246000000	0.541396	0.458604
Chr2A_a	246000000	248000000	0.541327	0.458674
Chr2A_a	248000000	250000000	0.535886	0.464064
Chr2A_a	250000000	252000000	0.545276	0.454724
Chr2A_a	252000000	254000000	0.537143	0.462857
Chr2A_a	254000000	256000000	0.544098	0.455902
Chr2A_a	256000000	258000000	0.545842	0.454109
Chr2A_a	258000000	260000000	0.552679	0.447322
Chr2A_a	260000000	262000000	0.546572	0.453428
Chr2A_a	262000000	264000000	0.543308	0.456641
Chr2A_a	264000000	264562364	0.545003	0.454997
Chr2B_a	0	2000000	0.549225	0.450775
Chr2B_a	2000000	4000000	0.550542	0.449459
Chr2B_a	4000000	6000000	0.550734	0.449266
Chr2B_a	6000000	8000000	0.553568	0.446431
Chr2B_a	8000000	10000000	0.542639	0.457311
Chr2B_a	10000000	12000000	0.548573	0.451427
Chr2B_a	12000000	14000000	0.544949	0.455050
Chr2B_a	14000000	16000000	0.546582	0.453418
Chr2B_a	16000000	18000000	0.551599	0.448401
Chr2B_a	18000000	20000000	0.545284	0.454716
Chr2B_a	20000000	22000000	0.536400	0.463600
Chr2B_a	22000000	24000000	0.548177	0.451823
Chr2B_a	24000000	26000000	0.544101	0.455898
Chr2B_a	26000000	28000000	0.539707	0.460292
Chr2B_a	28000000	30000000	0.542581	0.457419
Chr2B_a	30000000	32000000	0.547381	0.452619
Chr2B_a	32000000	34000000	0.548823	0.451177
Chr2B_a	34000000	36000000	0.544984	0.455016
Chr2B_a	36000000	38000000	0.543730	0.456270
Chr2B_a	38000000	40000000	0.551944	0.448056
Chr2B_a	40000000	42000000	0.546381	0.453618
Chr2B_a	42000000	44000000	0.544328	0.455672
Chr2B_a	44000000	46000000	0.542017	0.457983
Chr2B_a	46000000	48000000	0.547125	0.452875
Chr2B_a	48000000	50000000	0.529367	0.470633
Chr2B_a	50000000	52000000	0.539674	0.460326
Chr2B_a	52000000	54000000	0.533414	0.466587
Chr2B_a	54000000	56000000	0.530845	0.469155
Chr2B_a	56000000	58000000	0.528986	0.471014
Chr2B_a	58000000	60000000	0.528200	0.471800
Chr2B_a	60000000	62000000	0.522080	0.477919
Chr2B_a	62000000	64000000	0.520877	0.479123
Chr2B_a	64000000	66000000	0.519367	0.480633
Chr2B_a	66000000	68000000	0.522737	0.477263
Chr2B_a	68000000	70000000	0.524967	0.475033
Chr2B_a	70000000	72000000	0.519768	0.480231
Chr2B_a	72000000	74000000	0.530373	0.469627
Chr2B_a	74000000	76000000	0.492822	0.507128
Chr2B_a	76000000	78000000	0.504386	0.495613
Chr2B_a	78000000	80000000	0.516205	0.483795
Chr2B_a	80000000	82000000	0.529954	0.470046
Chr2B_a	82000000	84000000	0.536052	0.463948
Chr2B_a	84000000	86000000	0.534653	0.465346
Chr2B_a	86000000	88000000	0.541056	0.458944
Chr2B_a	88000000	90000000	0.531373	0.468627
Chr2B_a	90000000	92000000	0.547224	0.452776
Chr2B_a	92000000	94000000	0.525103	0.474897
Chr2B_a	94000000	96000000	0.519176	0.480824
Chr2B_a	96000000	98000000	0.531763	0.468237
Chr2B_a	98000000	100000000	0.543091	0.456908
Chr2B_a	100000000	102000000	0.537874	0.462126
Chr2B_a	102000000	104000000	0.539764	0.460187
Chr2B_a	104000000	106000000	0.538040	0.461960
Chr2B_a	106000000	108000000	0.541076	0.458924
Chr2B_a	108000000	110000000	0.545173	0.454827
Chr2B_a	110000000	112000000	0.542350	0.457649
Chr2B_a	112000000	114000000	0.531967	0.468033
Chr2B_a	114000000	116000000	0.541394	0.458606
Chr2B_a	116000000	118000000	0.534398	0.465602
Chr2B_a	118000000	120000000	0.548374	0.451626
Chr2B_a	120000000	122000000	0.545492	0.454508
Chr2B_a	122000000	124000000	0.544212	0.455788
Chr2B_a	124000000	126000000	0.547812	0.452188
Chr2B_a	126000000	128000000	0.551659	0.448341
Chr2B_a	128000000	130000000	0.545127	0.454873
Chr2B_a	130000000	132000000	0.549528	0.450471
Chr2B_a	132000000	134000000	0.539194	0.460806
Chr2B_a	134000000	136000000	0.533828	0.466172
Chr2B_a	136000000	138000000	0.550249	0.449751
Chr2B_a	138000000	140000000	0.546979	0.453021
Chr2B_a	140000000	142000000	0.544321	0.455679
Chr2B_a	142000000	144000000	0.540464	0.459536
Chr2B_a	144000000	145879171	0.532200	0.467640
Chr3A_a	0	2000000	0.536296	0.463654
Chr3A_a	2000000	4000000	0.549058	0.450792
Chr3A_a	4000000	6000000	0.543847	0.456053
Chr3A_a	6000000	8000000	0.538696	0.461255
Chr3A_a	8000000	10000000	0.548096	0.451903
Chr3A_a	10000000	12000000	0.542854	0.457146
Chr3A_a	12000000	14000000	0.536949	0.463051
Chr3A_a	14000000	16000000	0.546692	0.453308
Chr3A_a	16000000	18000000	0.545844	0.454156
Chr3A_a	18000000	20000000	0.543600	0.456400
Chr3A_a	20000000	22000000	0.539748	0.460252
Chr3A_a	22000000	24000000	0.533373	0.466627
Chr3A_a	24000000	26000000	0.531306	0.468694
Chr3A_a	26000000	28000000	0.536224	0.463776
Chr3A_a	28000000	30000000	0.548663	0.451337
Chr3A_a	30000000	32000000	0.541369	0.458631
Chr3A_a	32000000	34000000	0.552038	0.447962
Chr3A_a	34000000	36000000	0.544334	0.455667
Chr3A_a	36000000	38000000	0.541996	0.458004
Chr3A_a	38000000	40000000	0.534801	0.465198
Chr3A_a	40000000	42000000	0.547013	0.452987
Chr3A_a	42000000	44000000	0.515989	0.484010
Chr3A_a	44000000	46000000	0.547545	0.452455
Chr3A_a	46000000	48000000	0.552594	0.447406
Chr3A_a	48000000	50000000	0.544263	0.455737
Chr3A_a	50000000	52000000	0.545379	0.454621
Chr3A_a	52000000	54000000	0.543334	0.456666
Chr3A_a	54000000	56000000	0.555197	0.444804
Chr3A_a	56000000	58000000	0.550579	0.449421
Chr3A_a	58000000	60000000	0.541251	0.458748
Chr3A_a	60000000	62000000	0.539334	0.460667
Chr3A_a	62000000	64000000	0.542139	0.457861
Chr3A_a	64000000	66000000	0.535020	0.464979
Chr3A_a	66000000	68000000	0.527401	0.472599
Chr3A_a	68000000	70000000	0.530322	0.469678
Chr3A_a	70000000	72000000	0.526652	0.473348
Chr3A_a	72000000	74000000	0.535267	0.464732
Chr3A_a	74000000	76000000	0.532832	0.467168
Chr3A_a	76000000	78000000	0.528292	0.471707
Chr3A_a	78000000	80000000	0.542874	0.457126
Chr3A_a	80000000	82000000	0.545178	0.454822
Chr3A_a	82000000	84000000	0.556544	0.443455
Chr3A_a	84000000	86000000	0.549430	0.450570
Chr3A_a	86000000	88000000	0.550526	0.449474
Chr3A_a	88000000	90000000	0.549678	0.450322
Chr3A_a	90000000	92000000	0.539580	0.460420
Chr3A_a	92000000	94000000	0.538850	0.461150
Chr3A_a	94000000	96000000	0.543488	0.456512
Chr3A_a	96000000	98000000	0.539496	0.460505
Chr3A_a	98000000	100000000	0.536009	0.463991
Chr3A_a	100000000	102000000	0.546901	0.453099
Chr3A_a	102000000	104000000	0.548931	0.451070
Chr3A_a	104000000	106000000	0.538166	0.461834
Chr3A_a	106000000	108000000	0.539456	0.460544
Chr3A_a	108000000	110000000	0.547570	0.452430
Chr3A_a	110000000	112000000	0.552083	0.447917
Chr3A_a	112000000	114000000	0.545304	0.454695
Chr3A_a	114000000	116000000	0.548571	0.451429
Chr3A_a	116000000	118000000	0.534130	0.465870
Chr3A_a	118000000	120000000	0.533724	0.466276
Chr3A_a	120000000	122000000	0.539356	0.460645
Chr3A_a	122000000	124000000	0.543073	0.456928
Chr3A_a	124000000	126000000	0.546440	0.453460
Chr3A_a	126000000	128000000	0.534120	0.465730
Chr3A_a	128000000	130000000	0.550889	0.449061
Chr3A_a	130000000	132000000	0.541551	0.458450
Chr3A_a	132000000	134000000	0.544381	0.455569
Chr3A_a	134000000	134099696	0.514665	0.485335
Chr5B_a	0	2000000	0.540084	0.459816
Chr5B_a	2000000	4000000	0.542701	0.457299
Chr5B_a	4000000	6000000	0.546264	0.453737
Chr5B_a	6000000	8000000	0.548823	0.451176
Chr5B_a	8000000	10000000	0.545259	0.454741
Chr5B_a	10000000	12000000	0.545637	0.454363
Chr5B_a	12000000	14000000	0.538201	0.461799
Chr5B_a	14000000	16000000	0.543945	0.456055
Chr5B_a	16000000	18000000	0.542082	0.457918
Chr5B_a	18000000	20000000	0.535273	0.464677
Chr5B_a	20000000	22000000	0.538397	0.461603
Chr5B_a	22000000	24000000	0.542905	0.457095
Chr5B_a	24000000	26000000	0.547170	0.452830
Chr5B_a	26000000	28000000	0.534295	0.465705
Chr5B_a	28000000	30000000	0.528028	0.471972
Chr5B_a	30000000	32000000	0.528280	0.471720
Chr5B_a	32000000	34000000	0.533606	0.466394
Chr5B_a	34000000	36000000	0.529293	0.470706
Chr5B_a	36000000	38000000	0.530339	0.469662
Chr5B_a	38000000	40000000	0.520895	0.479104
Chr5B_a	40000000	42000000	0.525360	0.474640
Chr5B_a	42000000	44000000	0.537459	0.462541
Chr5B_a	44000000	46000000	0.517779	0.482222
Chr5B_a	46000000	48000000	0.535263	0.464736
Chr5B_a	48000000	50000000	0.538192	0.461808
Chr5B_a	50000000	52000000	0.512647	0.487353
Chr5B_a	52000000	54000000	0.542002	0.457998
Chr5B_a	54000000	56000000	0.532131	0.467869
Chr5B_a	56000000	58000000	0.532673	0.467277
Chr5B_a	58000000	60000000	0.534316	0.465684
Chr5B_a	60000000	62000000	0.534257	0.465744
Chr5B_a	62000000	64000000	0.531268	0.468733
Chr5B_a	64000000	66000000	0.519998	0.480002
Chr5B_a	66000000	68000000	0.527339	0.472661
Chr5B_a	68000000	70000000	0.546209	0.453791
Chr5B_a	70000000	72000000	0.539142	0.460858
Chr5B_a	72000000	74000000	0.545106	0.454894
Chr5B_a	74000000	76000000	0.538841	0.461159
Chr5B_a	76000000	78000000	0.547076	0.452924
Chr5B_a	78000000	80000000	0.547894	0.452056
Chr5B_a	80000000	82000000	0.531649	0.468350
Chr5B_a	82000000	84000000	0.553521	0.446479
Chr5B_a	84000000	86000000	0.543254	0.456746
Chr5B_a	86000000	88000000	0.547709	0.452241
Chr5B_a	88000000	90000000	0.550157	0.449843
Chr5B_a	90000000	92000000	0.549276	0.450724
Chr5B_a	92000000	94000000	0.549351	0.450599
Chr5B_a	94000000	96000000	0.543950	0.456050
Chr5B_a	96000000	98000000	0.544321	0.455679
Chr5B_a	98000000	100000000	0.554120	0.445830
Chr5B_a	100000000	102000000	0.545901	0.454049
Chr5B_a	102000000	104000000	0.546110	0.453890
Chr5B_a	104000000	106000000	0.543613	0.456387
Chr5B_a	106000000	108000000	0.546210	0.453790
Chr5B_a	108000000	110000000	0.541493	0.458506
Chr5B_a	110000000	112000000	0.546742	0.453258
Chr5B_a	112000000	112260586	0.529215	0.470785
Chr5A_a	0	2000000	0.539374	0.460576
Chr5A_a	2000000	4000000	0.535273	0.464527
Chr5A_a	4000000	6000000	0.536525	0.463275
Chr5A_a	6000000	8000000	0.542230	0.457669
Chr5A_a	8000000	10000000	0.540161	0.459839
Chr5A_a	10000000	12000000	0.546138	0.453862
Chr5A_a	12000000	14000000	0.537852	0.462148
Chr5A_a	14000000	16000000	0.548040	0.451960
Chr5A_a	16000000	18000000	0.545145	0.454855
Chr5A_a	18000000	20000000	0.539331	0.460669
Chr5A_a	20000000	22000000	0.544315	0.455685
Chr5A_a	22000000	24000000	0.541454	0.458496
Chr5A_a	24000000	26000000	0.534409	0.465591
Chr5A_a	26000000	28000000	0.539368	0.460632
Chr5A_a	28000000	30000000	0.539998	0.460003
Chr5A_a	30000000	32000000	0.536403	0.463598
Chr5A_a	32000000	34000000	0.544822	0.455178
Chr5A_a	34000000	36000000	0.544043	0.455957
Chr5A_a	36000000	38000000	0.544765	0.455234
Chr5A_a	38000000	40000000	0.531712	0.468288
Chr5A_a	40000000	42000000	0.546495	0.453505
Chr5A_a	42000000	44000000	0.552801	0.447199
Chr5A_a	44000000	46000000	0.553958	0.446043
Chr5A_a	46000000	48000000	0.550240	0.449760
Chr5A_a	48000000	50000000	0.542943	0.457057
Chr5A_a	50000000	52000000	0.539796	0.460204
Chr5A_a	52000000	54000000	0.539236	0.460764
Chr5A_a	54000000	56000000	0.518000	0.481999
Chr5A_a	56000000	58000000	0.535533	0.464467
Chr5A_a	58000000	60000000	0.536852	0.463147
Chr5A_a	60000000	62000000	0.558290	0.441710
Chr5A_a	62000000	64000000	0.551750	0.448251
Chr5A_a	64000000	66000000	0.546441	0.453559
Chr5A_a	66000000	68000000	0.537447	0.462553
Chr5A_a	68000000	70000000	0.536632	0.463369
Chr5A_a	70000000	72000000	0.550928	0.449073
Chr5A_a	72000000	74000000	0.539027	0.460973
Chr5A_a	74000000	76000000	0.538492	0.461508
Chr5A_a	76000000	78000000	0.536204	0.463796
Chr5A_a	78000000	80000000	0.540594	0.459406
Chr5A_a	80000000	82000000	0.535250	0.464750
Chr5A_a	82000000	84000000	0.540533	0.459467
Chr5A_a	84000000	86000000	0.553424	0.446576
Chr5A_a	86000000	88000000	0.539522	0.460479
Chr5A_a	88000000	90000000	0.540997	0.459003
Chr5A_a	90000000	92000000	0.544115	0.455885
Chr5A_a	92000000	94000000	0.542316	0.457684
Chr5A_a	94000000	96000000	0.536006	0.463944
Chr5A_a	96000000	98000000	0.545619	0.454331
Chr5A_a	98000000	100000000	0.547452	0.452548
Chr5A_a	100000000	102000000	0.537947	0.461803
Chr5A_a	102000000	104000000	0.533930	0.465870
Chr5A_a	104000000	105587887	0.538180	0.461316
Chr6A_a	0	2000000	0.539066	0.460684
Chr6A_a	2000000	4000000	0.535410	0.464440
Chr6A_a	4000000	6000000	0.545608	0.454392
Chr6A_a	6000000	8000000	0.546691	0.453209
Chr6A_a	8000000	10000000	0.548697	0.451254
Chr6A_a	10000000	12000000	0.536502	0.463498
Chr6A_a	12000000	14000000	0.535558	0.464442
Chr6A_a	14000000	16000000	0.544007	0.455994
Chr6A_a	16000000	18000000	0.540182	0.459818
Chr6A_a	18000000	20000000	0.537089	0.462862
Chr6A_a	20000000	22000000	0.545388	0.454612
Chr6A_a	22000000	24000000	0.543438	0.456562
Chr6A_a	24000000	26000000	0.538851	0.461149
Chr6A_a	26000000	28000000	0.557603	0.442398
Chr6A_a	28000000	30000000	0.547747	0.452253
Chr6A_a	30000000	32000000	0.536294	0.463706
Chr6A_a	32000000	34000000	0.545698	0.454302
Chr6A_a	34000000	36000000	0.536486	0.463514
Chr6A_a	36000000	38000000	0.541071	0.458930
Chr6A_a	38000000	40000000	0.535214	0.464786
Chr6A_a	40000000	42000000	0.541944	0.458056
Chr6A_a	42000000	44000000	0.542421	0.457579
Chr6A_a	44000000	46000000	0.540142	0.459858
Chr6A_a	46000000	48000000	0.549512	0.450488
Chr6A_a	48000000	50000000	0.541142	0.458858
Chr6A_a	50000000	52000000	0.535158	0.464842
Chr6A_a	52000000	54000000	0.552890	0.447109
Chr6A_a	54000000	56000000	0.546518	0.453482
Chr6A_a	56000000	58000000	0.555207	0.444793
Chr6A_a	58000000	60000000	0.552441	0.447558
Chr6A_a	60000000	62000000	0.561351	0.438650
Chr6A_a	62000000	64000000	0.555567	0.444433
Chr6A_a	64000000	66000000	0.548721	0.451279
Chr6A_a	66000000	68000000	0.549135	0.450865
Chr6A_a	68000000	70000000	0.542997	0.457004
Chr6A_a	70000000	72000000	0.525509	0.474492
Chr6A_a	72000000	74000000	0.539953	0.460046
Chr6A_a	74000000	76000000	0.541404	0.458596
Chr6A_a	76000000	78000000	0.548211	0.451789
Chr6A_a	78000000	80000000	0.551118	0.448882
Chr6A_a	80000000	82000000	0.543562	0.456439
Chr6A_a	82000000	84000000	0.540322	0.459678
Chr6A_a	84000000	86000000	0.539378	0.460622
Chr6A_a	86000000	88000000	0.543424	0.456576
Chr6A_a	88000000	90000000	0.548325	0.451674
Chr6A_a	90000000	92000000	0.547393	0.452607
Chr6A_a	92000000	94000000	0.543723	0.456277
Chr6A_a	94000000	96000000	0.542190	0.457810
Chr6A_a	96000000	98000000	0.541150	0.458850
Chr6A_a	98000000	100000000	0.541327	0.458573
Chr6A_a	100000000	102000000	0.557203	0.442797
Chr6A_a	102000000	102273047	0.571389	0.428611
Chr4A_a	0	2000000	0.551313	0.448537
Chr4A_a	2000000	4000000	0.547363	0.452387
Chr4A_a	4000000	6000000	0.545439	0.454560
Chr4A_a	6000000	8000000	0.535133	0.464866
Chr4A_a	8000000	10000000	0.538596	0.461404
Chr4A_a	10000000	12000000	0.548091	0.451909
Chr4A_a	12000000	14000000	0.528172	0.471828
Chr4A_a	14000000	16000000	0.551156	0.448844
Chr4A_a	16000000	18000000	0.546824	0.453176
Chr4A_a	18000000	20000000	0.553672	0.446328
Chr4A_a	20000000	22000000	0.549156	0.450794
Chr4A_a	22000000	24000000	0.553482	0.446519
Chr4A_a	24000000	26000000	0.544428	0.455572
Chr4A_a	26000000	28000000	0.549459	0.450541
Chr4A_a	28000000	30000000	0.539692	0.460308
Chr4A_a	30000000	32000000	0.534589	0.465411
Chr4A_a	32000000	34000000	0.548643	0.451358
Chr4A_a	34000000	36000000	0.542218	0.457782
Chr4A_a	36000000	38000000	0.555507	0.444494
Chr4A_a	38000000	40000000	0.559317	0.440633
Chr4A_a	40000000	42000000	0.541030	0.458921
Chr4A_a	42000000	44000000	0.558458	0.441542
Chr4A_a	44000000	46000000	0.545514	0.454486
Chr4A_a	46000000	48000000	0.556605	0.443395
Chr4A_a	48000000	50000000	0.534747	0.465254
Chr4A_a	50000000	52000000	0.540887	0.459113
Chr4A_a	52000000	54000000	0.542700	0.457301
Chr4A_a	54000000	56000000	0.547556	0.452444
Chr4A_a	56000000	58000000	0.548984	0.451016
Chr4A_a	58000000	60000000	0.561409	0.438591
Chr4A_a	60000000	62000000	0.542324	0.457675
Chr4A_a	62000000	64000000	0.541982	0.458017
Chr4A_a	64000000	66000000	0.534649	0.465351
Chr4A_a	66000000	68000000	0.542975	0.457025
Chr4A_a	68000000	70000000	0.549294	0.450706
Chr4A_a	70000000	72000000	0.540518	0.459482
Chr4A_a	72000000	74000000	0.538231	0.461769
Chr4A_a	74000000	76000000	0.540164	0.459835
Chr4A_a	76000000	78000000	0.547917	0.452083
Chr4A_a	78000000	80000000	0.542113	0.457888
Chr4A_a	80000000	82000000	0.536166	0.463834
Chr4A_a	82000000	84000000	0.542412	0.457588
Chr4A_a	84000000	86000000	0.544780	0.455220
Chr4A_a	86000000	88000000	0.548526	0.451474
Chr4A_a	88000000	90000000	0.545133	0.454868
Chr4A_a	90000000	92000000	0.540608	0.459342
Chr4A_a	92000000	94000000	0.546318	0.453582
Chr4A_a	94000000	96000000	0.541930	0.457920
Chr4A_a	96000000	98000000	0.542351	0.457648
Chr4A_a	98000000	99333895	0.538695	0.460931
Chr1B_a	0	2000000	0.548653	0.451297
Chr1B_a	2000000	4000000	0.538494	0.461506
Chr1B_a	4000000	6000000	0.548046	0.451955
Chr1B_a	6000000	8000000	0.540227	0.459772
Chr1B_a	8000000	10000000	0.550556	0.449445
Chr1B_a	10000000	12000000	0.549565	0.450435
Chr1B_a	12000000	14000000	0.545630	0.454370
Chr1B_a	14000000	16000000	0.538197	0.461803
Chr1B_a	16000000	18000000	0.537917	0.462083
Chr1B_a	18000000	20000000	0.547975	0.452024
Chr1B_a	20000000	22000000	0.547963	0.452037
Chr1B_a	22000000	24000000	0.547865	0.452135
Chr1B_a	24000000	26000000	0.541641	0.458360
Chr1B_a	26000000	28000000	0.543401	0.456599
Chr1B_a	28000000	30000000	0.540501	0.459498
Chr1B_a	30000000	32000000	0.549002	0.450999
Chr1B_a	32000000	34000000	0.547716	0.452284
Chr1B_a	34000000	36000000	0.546650	0.453351
Chr1B_a	36000000	38000000	0.549114	0.450886
Chr1B_a	38000000	40000000	0.548048	0.451952
Chr1B_a	40000000	42000000	0.537542	0.462458
Chr1B_a	42000000	44000000	0.538778	0.461172
Chr1B_a	44000000	46000000	0.535056	0.464944
Chr1B_a	46000000	48000000	0.535603	0.464397
Chr1B_a	48000000	50000000	0.536494	0.463506
Chr1B_a	50000000	52000000	0.534480	0.465520
Chr1B_a	52000000	54000000	0.540649	0.459350
Chr1B_a	54000000	56000000	0.528524	0.471476
Chr1B_a	56000000	58000000	0.547961	0.452039
Chr1B_a	58000000	60000000	0.527631	0.472369
Chr1B_a	60000000	62000000	0.545399	0.454601
Chr1B_a	62000000	64000000	0.540179	0.459821
Chr1B_a	64000000	66000000	0.535986	0.464015
Chr1B_a	66000000	68000000	0.518764	0.481236
Chr1B_a	68000000	70000000	0.534796	0.465203
Chr1B_a	70000000	72000000	0.545236	0.454764
Chr1B_a	72000000	74000000	0.538517	0.461482
Chr1B_a	74000000	76000000	0.542571	0.457429
Chr1B_a	76000000	78000000	0.534406	0.465593
Chr1B_a	78000000	80000000	0.548617	0.451383
Chr1B_a	80000000	82000000	0.532269	0.467732
Chr1B_a	82000000	84000000	0.544490	0.455510
Chr1B_a	84000000	86000000	0.546615	0.453384
Chr1B_a	86000000	88000000	0.548569	0.451431
Chr1B_a	88000000	90000000	0.552159	0.447841
Chr1B_a	90000000	92000000	0.540775	0.459175
Chr1B_a	92000000	94000000	0.549114	0.450886
Chr1B_a	94000000	96000000	0.555959	0.444041
Chr1B_a	96000000	98000000	0.558483	0.441516
Chr1B_a	98000000	98219837	0.515436	0.484109
Chr7A_a	0	2000000	0.543274	0.456427
Chr7A_a	2000000	4000000	0.534868	0.464932
Chr7A_a	4000000	6000000	0.538356	0.461444
Chr7A_a	6000000	8000000	0.541964	0.457886
Chr7A_a	8000000	10000000	0.536433	0.463517
Chr7A_a	10000000	12000000	0.546686	0.453313
Chr7A_a	12000000	14000000	0.541247	0.458753
Chr7A_a	14000000	16000000	0.539379	0.460620
Chr7A_a	16000000	18000000	0.532362	0.467638
Chr7A_a	18000000	20000000	0.542563	0.457437
Chr7A_a	20000000	22000000	0.551504	0.448496
Chr7A_a	22000000	24000000	0.551578	0.448422
Chr7A_a	24000000	26000000	0.533804	0.466195
Chr7A_a	26000000	28000000	0.540442	0.459558
Chr7A_a	28000000	30000000	0.540507	0.459493
Chr7A_a	30000000	32000000	0.549168	0.450832
Chr7A_a	32000000	34000000	0.536183	0.463818
Chr7A_a	34000000	36000000	0.538673	0.461327
Chr7A_a	36000000	38000000	0.534716	0.465284
Chr7A_a	38000000	40000000	0.540568	0.459431
Chr7A_a	40000000	42000000	0.549467	0.450533
Chr7A_a	42000000	44000000	0.546398	0.453602
Chr7A_a	44000000	46000000	0.530705	0.469295
Chr7A_a	46000000	48000000	0.530692	0.469308
Chr7A_a	48000000	50000000	0.530523	0.469477
Chr7A_a	50000000	52000000	0.541067	0.458933
Chr7A_a	52000000	54000000	0.543023	0.456977
Chr7A_a	54000000	56000000	0.540684	0.459316
Chr7A_a	56000000	58000000	0.548852	0.451148
Chr7A_a	58000000	60000000	0.550452	0.449549
Chr7A_a	60000000	62000000	0.552297	0.447702
Chr7A_a	62000000	64000000	0.534377	0.465623
Chr7A_a	64000000	66000000	0.542105	0.457895
Chr7A_a	66000000	68000000	0.530518	0.469481
Chr7A_a	68000000	70000000	0.529505	0.470495
Chr7A_a	70000000	72000000	0.533378	0.466622
Chr7A_a	72000000	74000000	0.550001	0.449999
Chr7A_a	74000000	76000000	0.541237	0.458714
Chr7A_a	76000000	78000000	0.539068	0.460932
Chr7A_a	78000000	80000000	0.541803	0.458198
Chr7A_a	80000000	82000000	0.548778	0.451222
Chr7A_a	82000000	84000000	0.544860	0.455140
Chr7A_a	84000000	86000000	0.545999	0.454001
Chr7A_a	86000000	88000000	0.548351	0.451599
Chr7A_a	88000000	89366448	0.545977	0.453950
Chr3B_a	0	2000000	0.546597	0.453404
Chr3B_a	2000000	4000000	0.552624	0.447376
Chr3B_a	4000000	6000000	0.548811	0.451139
Chr3B_a	6000000	8000000	0.547063	0.452937
Chr3B_a	8000000	10000000	0.542504	0.457496
Chr3B_a	10000000	12000000	0.547616	0.452384
Chr3B_a	12000000	14000000	0.551516	0.448485
Chr3B_a	14000000	16000000	0.546501	0.453499
Chr3B_a	16000000	18000000	0.548200	0.451800
Chr3B_a	18000000	20000000	0.554583	0.445417
Chr3B_a	20000000	22000000	0.551166	0.448835
Chr3B_a	22000000	24000000	0.542740	0.457260
Chr3B_a	24000000	26000000	0.544765	0.455235
Chr3B_a	26000000	28000000	0.544734	0.455266
Chr3B_a	28000000	30000000	0.542550	0.457450
Chr3B_a	30000000	32000000	0.543415	0.456585
Chr3B_a	32000000	34000000	0.548797	0.451203
Chr3B_a	34000000	36000000	0.541004	0.458946
Chr3B_a	36000000	38000000	0.532332	0.467668
Chr3B_a	38000000	40000000	0.528527	0.471473
Chr3B_a	40000000	42000000	0.529939	0.470061
Chr3B_a	42000000	44000000	0.521507	0.478493
Chr3B_a	44000000	46000000	0.542005	0.457995
Chr3B_a	46000000	48000000	0.538777	0.461222
Chr3B_a	48000000	50000000	0.539671	0.460330
Chr3B_a	50000000	52000000	0.551520	0.448480
Chr3B_a	52000000	54000000	0.528131	0.471868
Chr3B_a	54000000	56000000	0.532231	0.467769
Chr3B_a	56000000	58000000	0.538841	0.461159
Chr3B_a	58000000	60000000	0.542506	0.457494
Chr3B_a	60000000	62000000	0.520064	0.479886
Chr3B_a	62000000	64000000	0.539114	0.460886
Chr3B_a	64000000	66000000	0.537727	0.462274
Chr3B_a	66000000	68000000	0.548793	0.451207
Chr3B_a	68000000	70000000	0.545156	0.454844
Chr3B_a	70000000	72000000	0.545720	0.454280
Chr3B_a	72000000	74000000	0.556812	0.443188
Chr3B_a	74000000	76000000	0.543671	0.456329
Chr3B_a	76000000	78000000	0.547594	0.452406
Chr3B_a	78000000	80000000	0.554395	0.445605
Chr3B_a	80000000	82000000	0.550654	0.449346
Chr3B_a	82000000	84000000	0.540386	0.459564
Chr3B_a	84000000	85806877	0.540708	0.459237
Chr7B_a	0	2000000	0.550559	0.449341
Chr7B_a	2000000	4000000	0.547548	0.452452
Chr7B_a	4000000	6000000	0.552148	0.447852
Chr7B_a	6000000	8000000	0.549752	0.450248
Chr7B_a	8000000	10000000	0.541690	0.458311
Chr7B_a	10000000	12000000	0.542020	0.457880
Chr7B_a	12000000	14000000	0.554308	0.445693
Chr7B_a	14000000	16000000	0.545146	0.454854
Chr7B_a	16000000	18000000	0.550349	0.449600
Chr7B_a	18000000	20000000	0.542621	0.457379
Chr7B_a	20000000	22000000	0.531779	0.468221
Chr7B_a	22000000	24000000	0.519939	0.480062
Chr7B_a	24000000	26000000	0.519668	0.480332
Chr7B_a	26000000	28000000	0.528476	0.471525
Chr7B_a	28000000	30000000	0.535131	0.464869
Chr7B_a	30000000	32000000	0.525159	0.474842
Chr7B_a	32000000	34000000	0.530844	0.469156
Chr7B_a	34000000	36000000	0.539701	0.460299
Chr7B_a	36000000	38000000	0.523277	0.476723
Chr7B_a	38000000	40000000	0.530805	0.469195
Chr7B_a	40000000	42000000	0.537617	0.462383
Chr7B_a	42000000	44000000	0.522557	0.477443
Chr7B_a	44000000	46000000	0.548898	0.451102
Chr7B_a	46000000	48000000	0.550160	0.449840
Chr7B_a	48000000	50000000	0.543743	0.456257
Chr7B_a	50000000	52000000	0.552414	0.447586
Chr7B_a	52000000	54000000	0.557922	0.442078
Chr7B_a	54000000	56000000	0.549447	0.450553
Chr7B_a	56000000	58000000	0.542364	0.457636
Chr7B_a	58000000	60000000	0.547939	0.452060
Chr7B_a	60000000	62000000	0.548380	0.451620
Chr7B_a	62000000	64000000	0.544963	0.455037
Chr7B_a	64000000	66000000	0.550667	0.449333
Chr7B_a	66000000	68000000	0.544644	0.455355
Chr7B_a	68000000	70000000	0.537031	0.462969
Chr7B_a	70000000	72000000	0.542879	0.457121
Chr7B_a	72000000	74000000	0.549987	0.450013
Chr7B_a	74000000	74350140	0.535469	0.463960
Chr6B_a	0	2000000	0.562684	0.437266
Chr6B_a	2000000	4000000	0.555430	0.444571
Chr6B_a	4000000	6000000	0.544695	0.455305
Chr6B_a	6000000	8000000	0.546375	0.453575
Chr6B_a	8000000	10000000	0.552817	0.447183
Chr6B_a	10000000	12000000	0.528868	0.471132
Chr6B_a	12000000	14000000	0.552514	0.447486
Chr6B_a	14000000	16000000	0.554440	0.445560
Chr6B_a	16000000	18000000	0.545098	0.454901
Chr6B_a	18000000	20000000	0.537072	0.462928
Chr6B_a	20000000	22000000	0.545516	0.454484
Chr6B_a	22000000	24000000	0.537078	0.462871
Chr6B_a	24000000	26000000	0.547998	0.452002
Chr6B_a	26000000	28000000	0.522314	0.477686
Chr6B_a	28000000	30000000	0.531427	0.468573
Chr6B_a	30000000	32000000	0.540334	0.459666
Chr6B_a	32000000	34000000	0.526883	0.473118
Chr6B_a	34000000	36000000	0.530365	0.469635
Chr6B_a	36000000	38000000	0.541372	0.458629
Chr6B_a	38000000	40000000	0.550730	0.449270
Chr6B_a	40000000	42000000	0.537575	0.462424
Chr6B_a	42000000	44000000	0.540779	0.459222
Chr6B_a	44000000	46000000	0.541472	0.458528
Chr6B_a	46000000	48000000	0.556083	0.443917
Chr6B_a	48000000	50000000	0.545475	0.454525
Chr6B_a	50000000	52000000	0.548492	0.451508
Chr6B_a	52000000	54000000	0.553761	0.446239
Chr6B_a	54000000	56000000	0.546449	0.453550
Chr6B_a	56000000	58000000	0.543006	0.456995
Chr6B_a	58000000	60000000	0.545231	0.454769
Chr6B_a	60000000	62000000	0.542195	0.457805
Chr6B_a	62000000	64000000	0.573479	0.426471
Chr6B_a	64000000	66000000	0.546992	0.453009
Chr6B_a	66000000	68000000	0.545793	0.454207
Chr6B_a	68000000	70000000	0.540992	0.459008
Chr6B_a	70000000	72000000	0.537733	0.462267
Chr6B_a	72000000	73030011	0.537611	0.462292
Chr4B_a	0	2000000	0.547421	0.452579
Chr4B_a	2000000	4000000	0.539502	0.460498
Chr4B_a	4000000	6000000	0.541750	0.458250
Chr4B_a	6000000	8000000	0.548334	0.451665
Chr4B_a	8000000	10000000	0.542098	0.457902
Chr4B_a	10000000	12000000	0.550193	0.449807
Chr4B_a	12000000	14000000	0.538862	0.461138
Chr4B_a	14000000	16000000	0.549641	0.450359
Chr4B_a	16000000	18000000	0.541285	0.458715
Chr4B_a	18000000	20000000	0.542195	0.457805
Chr4B_a	20000000	22000000	0.543517	0.456482
Chr4B_a	22000000	24000000	0.542850	0.457099
Chr4B_a	24000000	26000000	0.540547	0.459453
Chr4B_a	26000000	28000000	0.539814	0.460186
Chr4B_a	28000000	30000000	0.528444	0.471556
Chr4B_a	30000000	32000000	0.531208	0.468792
Chr4B_a	32000000	34000000	0.528766	0.471234
Chr4B_a	34000000	36000000	0.522538	0.477461
Chr4B_a	36000000	38000000	0.521940	0.478061
Chr4B_a	38000000	40000000	0.538561	0.461439
Chr4B_a	40000000	42000000	0.520447	0.479553
Chr4B_a	42000000	44000000	0.537207	0.462793
Chr4B_a	44000000	46000000	0.536895	0.463105
Chr4B_a	46000000	48000000	0.530626	0.469374
Chr4B_a	48000000	50000000	0.534575	0.465425
Chr4B_a	50000000	52000000	0.552680	0.447320
Chr4B_a	52000000	54000000	0.545448	0.454553
Chr4B_a	54000000	56000000	0.547697	0.452303
Chr4B_a	56000000	58000000	0.547746	0.452204
Chr4B_a	58000000	60000000	0.549317	0.450682
Chr4B_a	60000000	62000000	0.543226	0.456775
Chr4B_a	62000000	64000000	0.553212	0.446788
Chr4B_a	64000000	66000000	0.554586	0.445415
Chr4B_a	66000000	68000000	0.551104	0.448896
Chr4B_a	68000000	70000000	0.547759	0.452240
Chr4B_a	70000000	72000000	0.551032	0.448968
Chr4B_a	72000000	72530912	0.515671	0.484329
